453
3937
1053
3584
2925
2987
508
3835
2433
1826
1495
214
3714
1230
1502
2917
171
2112
3316
1170
2169
4493
1540
1421
3267
276
1737
3397
3790
302
2943
2230
3725
4709
2515
2325
3997
4668
3191
2938
587
3765
560
2026
1720
4978
3345
2866
3302
4232
3382
3087
1357
4231
1365
3759
1539
3952
2057
1780
634
1595
1751
1580
1052
2122
800
3782
792
1541
2254
3154
1615
3853
2045
3328
1651
992
1823
2641
149
4309
2000
1414
734
3205
189
2175
4820
2606
1457
3006
2928
101
4284
2841
2975
1408
662
4081
1604
4698
1520
1513
3575
1196
4819
4471
4464
2719
2290
2385
1307
4712
3030
1923
4215
4460
406
519
357
230
2552
2081
4672
455
3857
2979
33
3801
1577
2355
2662
1077
4645
4308
3511
4391
3663
2767
1963
3012
3568
528
1191
2363
209
4136
2474
3181
844
4306
4740
3033
1260
1064
2733
4979
990
807
905
4980
2180
4823
3884
2037
3215
2509
2242
4986
1154
2652
1698
38
593
2899
821
2216
3439
1536
1397
3077
4034
4298
4358
4787
2278
2894
3566
4871
616
4329
2685
2041
2790
1071
119
4458
2594
4182
3053
4705
4196
483
3550
1767
4199
648
267
4891
2478
2608
906
1676
4577
4744
3293
3540
173
4361
246
4224
4334
1475
898
3121
1381
4011
3060
3003
2862
4516
4762
2218
2553
1927
2249
4944
3091
4597
137
1873
1174
696
524
4870
4527
4468
695
2441
3608
3051
471
910
1493
377
3233
4886
774
1667
2080
29
3637
4149
698
3109
4044
3544
665
3956
3630
3047
1454
204
658
1779
1419
1047
3626
1199
3756
3016
3325
644
4897
2559
1814
1393
1861
2299
4415
3841
4915
939
3488
364
167
2050
4977
2412
1603
1969
4260
751
2924
1628
2401
3824
1877
120
1918
958
592
4972
18
777
141
4170
40
3369
3417
292
2479
3820
257
1980
467
2797
2455
4720
2942
1348
277
1137
922
2637
2863
1166
4615
555
4831
4227
2823
3589
2144
1679
460
3918
2729
4935
2357
4396
4957
511
2570
4727
180
3332
4487
4230
1317
2309
1216
1312
4006
1768
4878
2550
2153
4565
3901
4180
1696
3246
984
2391
596
3667
2272
1966
1459
1139
4750
1226
4024
4345
3221
2964
2727
4507
954
2789
3702
3658
269
1292
2745
1860
4002
4018
4225
1988
646
3112
2508
55
4814
4376
2791
1910
4348
4872
795
3131
2284
4255
2259
1588
3941
2417
1614
1498
4644
1409
2642
4955
2708
4000
1121
2871
2533
1619
1195
638
2427
1938
1514
3094
4725
4582
245
232
3400
3220
933
4634
3277
3641
3567
4918
3498
4172
1965
4921
3165
2054
3814
3563
3665
2971
4145
69
4436
2220
3123
657
1267
3227
4621
4009
4267
395
1443
1234
3449
2976
2154
2131
615
418
4219
750
3406
3040
3157
2215
934
2646
1038
4503
1374
1391
3907
894
1418
488
1669
3604
4984
2984
208
1300
3389
4887
469
531
165
4594
3538
1670
3118
2881
1912
692
1638
4784
2108
890
3007
3189
205
228
4457
3042
2821
3826
1272
2451
2030
3475
299
3885
702
2937
1032
1775
2807
1913
1710
2959
523
903
4342
121
1371
2826
917
2557
1654
1686
293
1352
4274
3558
2939
3461
371
1200
2575
859
4319
927
4124
4387
1159
23
1585
388
59
2019
2085
2761
114
1251
3647
222
1037
3430
919
3542
3036
3507
4731
1283
1215
3029
3425
2829
1186
3250
4938
238
3969
479
1343
3203
2089
2326
2465
1438
1716
2051
4939
2350
1481
3970
973
2636
2856
3262
4773
3882
4682
2036
946
4559
4509
557
3887
2400
4290
1252
3027
912
2196
3204
3985
3435
1660
4942
4586
1791
1752
4336
172
2211
2366
3210
64
84
578
3541
1390
4908
2657
4185
3155
571
1406
4950
4700
4301
4554
2454
2014
2269
3392
340
3166
444
3180
2535
3792
3832
2872
1456
4211
3797
198
1157
2991
1632
2702
4738
4318
1831
1510
3437
1992
1500
226
4128
438
4704
655
89
244
1476
4715
4380
3334
243
3549
716
983
3603
4428
2173
4854
640
975
4256
3872
522
4242
422
931
3466
690
4893
3504
729
3691
2890
2517
1301
3690
3861
1430
1818
4719
258
1501
3979
2645
4382
4779
3726
1040
3739
4490
1075
1131
796
4381
1339
1050
4238
1523
4836
111
2359
2617
2342
2240
2978
3356
15
2497
2828
876
1782
3366
4423
3847
2590
3537
4801
2700
534
1253
4951
600
3773
3891
4562
68
2832
4876
262
2119
4717
4877
4692
982
2409
4861
745
4502
897
2200
57
335
2488
3255
73
4035
3719
3322
123
4983
2132
1425
3482
3352
130
1800
3491
4843
4089
1647
2682
4496
1886
2140
3661
710
1745
4858
4588
4528
2596
3136
3409
1955
83
3460
2223
1636
4641
1236
1424
3687
2777
170
240
2656
3089
1152
2244
738
399
1442
1796
3403
4771
3710
2075
4279
1329
4937
2012
215
2159
650
3010
2246
4184
2601
4068
719
2274
2977
1130
164
4802
2304
857
383
3107
4993
3188
3723
4825
2695
1227
697
2410
4749
3579
4867
4333
4109
4729
4088
4332
855
4676
4048
4205
1361
505
2735
2556
962
270
964
2181
925
851
4481
1117
1282
2774
1261
2653
1066
3446
4263
4882
4092
4148
1932
891
4774
427
2888
1951
4724
3167
3129
2402
2487
2831
527
1606
2373
1680
153
4303
4287
2071
4189
2264
2523
2203
2365
3342
2167
4102
928
4758
3733
3326
4614
1618
971
653
3976
3222
3031
619
221
2603
4417
4981
3736
2396
4096
1489
2784
4549
4130
2007
4480
2775
4822
3301
339
1869
2904
2703
4985
951
199
4438
363
1515
78
809
4998
3947
509
549
2221
3586
3281
3958
664
3758
1263
4799
3539
2371
3294
2665
1731
558
45
2710
1334
1224
3367
4223
3920
2077
2955
3804
2905
1928
342
4160
1847
4112
1699
3943
351
3644
3187
478
4783
211
1561
4210
4523
883
3343
4150
370
2130
930
2960
2845
3839
957
3099
1024
2678
3585
1897
394
2046
605
2446
2394
1395
1929
3002
1447
4639
1439
1237
1347
401
3793
3350
4283
2853
3580
1945
2962
1229
2865
4765
2338
2217
4798
3517
4544
163
4669
2609
3041
132
871
3270
19
2813
4930
3151
3333
2820
1245
543
1247
3083
3407
3945
754
4504
2011
3421
3244
2239
3778
4140
708
1463
850
4012
4060
3199
4302
4847
1985
4251
949
1907
3933
285
2152
1268
4094
747
1308
417
2684
1254
1091
1864
1239
2141
3049
4292
3921
1555
4989
356
1364
3081
2414
1739
4652
3009
4739
4134
1661
4447
681
3892
3554
1238
1806
1941
4261
3200
1169
44
2852
4742
1355
3275
3990
2527
2598
4807
2088
4214
3894
3682
485
1773
2113
3660
1487
5
3386
2064
3963
90
900
1900
2210
3279
705
1256
2677
3955
607
2565
3177
597
2176
336
3564
848
2717
748
641
4555
4850
3677
1059
1855
793
2972
2510
2099
4193
2296
2133
1788
2047
4037
4782
937
1878
2858
3862
576
489
4601
4571
1496
1808
2643
338
4351
2069
1704
39
2716
3698
4195
2837
3103
1649
1675
995
2518
1451
3370
140
4585
2584
1756
4484
321
3664
2443
3598
1989
743
2520
730
4685
3142
1492
4759
2573
468
194
1560
4714
1078
197
1142
186
4589
1693
3379
3974
4370
2783
4164
1578
4902
674
2671
822
4086
2980
133
3950
1816
1458
623
722
1682
4766
4395
2599
2564
4827
981
2602
899
2263
1600
4899
3528
1318
2224
3632
1327
1630
1378
2633
3590
2839
3864
1285
1598
1018
2157
1740
2129
3232
1178
828
34
2746
1193
699
2118
4296
294
3946
2758
2002
487
2270
3788
2404
2511
1961
2291
3815
2752
3351
287
290
4462
1164
3656
419
3296
4835
4693
4476
526
4040
272
1370
4015
4366
3515
3046
2491
4841
1344
827
94
3412
3380
234
3428
1180
4840
3354
2098
3384
2985
3039
2147
440
4100
2043
4057
3239
3895
3543
998
3600
2407
8
53
3545
1271
1319
618
1875
4806
4373
2896
4038
1576
1652
727
3160
3673
1129
1188
3741
546
4805
1269
2334
4347
4030
733
767
3699
129
805
1947
3796
3652
48
4198
892
3959
190
4451
3194
3226
2420
2934
667
3433
3842
4735
1687
4036
3812
907
3234
96
3898
3473
1911
2213
1453
787
4564
1798
2521
2701
4687
1472
3037
3592
2691
802
1701
833
3617
1089
58
1999
3671
880
2514
3683
1228
1805
2833
3268
4055
3225
3938
1750
156
1522
1639
328
598
2713
4778
1853
4062
2539
439
4767
2763
1601
1099
4206
3531
3134
570
2390
3381
253
3681
1006
1113
2927
1437
2696
718
2686
4640
4636
110
3021
1505
4907
1845
4722
1090
2953
1063
669
1389
1369
74
3874
2214
4097
3018
2880
1092
1461
2294
4262
361
3636
391
4289
3879
3889
2406
3655
599
447
1026
713
1386
4608
4642
4879
1499
1265
552
3418
510
1277
3610
2704
445
1562
3552
3906
1592
3789
3424
4650
584
1525
95
503
2779
3408
1570
565
3783
3170
803
2929
2456
631
3441
2946
241
2969
1668
2512
2626
3834
2973
2889
4817
1068
1136
3605
753
1857
2897
2883
4792
736
1462
2519
4966
3987
2004
2316
162
2887
969
4821
4926
3991
1935
1326
1663
3807
3909
1503
2302
1258
703
31
1846
1270
4521
794
1420
1534
4119
2344
2622
1769
4453
3965
1812
789
4249
4540
3335
4176
1009
2919
2968
56
2462
259
2674
3999
1192
2571
1320
227
27
3612
2368
4110
3495
3318
4411
3777
887
1467
92
3520
1915
362
1309
2851
3252
1842
3445
3763
4643
785
2699
3978
2796
2303
3197
4403
4063
2666
2271
879
575
2227
2874
3283
3422
3633
967
4293
35
3310
4067
2954
2236
4099
629
2753
1579
2706
3223
3297
400
261
2951
4285
4976
275
4791
4694
3261
4450
2437
4325
2082
3364
3693
3447
3514
1488
594
2323
3975
4883
3024
1183
3480
3653
2604
1044
1746
2322
3013
322
3317
3469
2094
2861
677
2920
1446
3635
2035
3595
2431
3672
223
3787
3870
134
2983
2670
2844
3776
3101
3761
2208
3122
498
3583
1306
3330
3800
3404
2178
1147
3169
420
2958
1971
670
396
1884
3035
3329
2476
3070
451
759
1575
424
1744
67
1844
3588
369
865
2205
3954
4616
515
525
1088
1187
1041
1904
2577
201
4510
839
1209
2387
1125
554
4689
4019
683
731
3932
752
4575
2996
3562
346
3729
2994
563
3816
2161
2392
1207
3240
3561
630
4041
1569
3453
830
4413
2663
224
1599
1551
2563
3960
3766
1056
175
2145
2891
2886
4104
1529
2257
1392
4711
4816
963
4982
4768
4743
2247
426
3620
3393
1848
195
2936
1545
2206
4756
3942
2448
1213
2162
4812
4664
3849
4354
1633
2554
3516
834
2749
317
577
4091
4904
4721
1761
3284
1736
3229
2765
1880
1049
2015
1138
2612
354
3751
2730
2219
3086
4548
4708
2335
1626
3394
1444
1486
3072
2537
1144
790
4570
1978
254
3724
3896
50
3299
2697
1691
499
2444
1284
737
206
4163
3431
3476
741
4360
2202
1163
176
2772
2770
1440
1722
4943
4684
1936
1324
3150
2164
3503
3986
2736
409
1416
2764
1862
2171
1035
829
843
966
1473
1723
1427
1202
2288
4952
1413
991
2038
758
1311
3779
2543
279
4551
2580
3771
1240
225
3144
3171
766
116
458
3939
3646
1001
2490
4028
3128
3865
1984
2956
2349
556
3911
4435
811
2838
2911
93
4626
755
1564
2615
4730
3852
4095
3217
1455
4917
3410
49
3760
1302
3082
4671
3468
4093
4352
4277
2243
1145
32
1135
3075
2588
3971
2724
3056
881
2256
2595
1466
60
2320
501
574
3376
3871
125
1658
1694
4770
2873
128
3818
3819
1205
4894
4659
2498
494
4707
823
3746
1015
2659
1189
2948
2005
4029
4654
3674
4660
1333
248
4818
3043
157
1763
410
2438
3455
462
1528
3669
4207
411
2434
551
3530
3184
260
1478
3149
3405
1908
4618
2265
1058
3212
956
1123
4220
3817
4796
2902
1644
4061
1011
2739
2377
979
1565
3902
1305
4152
4632
561
4286
104
4265
1792
799
1754
2649
2930
3836
4718
4330
1203
1194
1820
4346
4648
2040
4045
4409
2597
41
3679
4514
3470
1402
2915
1497
3045
442
4021
2382
2901
3910
810
4679
2480
3493
343
1257
474
2737
4617
3348
1795
2102
740
1471
3651
131
1005
4573
4928
4848
2458
1434
1623
4365
724
3919
1353
1919
2058
2909
1967
2093
239
3211
2722
889
316
2921
3057
1274
2885
1566
313
1338
4580
4250
3290
2376
2847
3276
4461
4656
3556
676
502
1452
1843
2566
2017
896
1000
4920
4874
1916
1550
926
1719
4483
786
4192
2825
1573
1742
1351
1160
3601
1310
2114
3159
135
2792
3280
4572
2495
3465
1876
3353
1288
3924
860
1013
1544
3823
1581
1538
2787
2287
2364
4764
4746
2311
4646
2439
3362
2065
2638
122
490
1380
4736
2155
4813
1210
1770
3289
3791
4349
3838
4005
4506
4421
4
4991
3670
2503
271
4406
4581
4422
1772
2418
3689
2430
2835
3241
3881
3135
2963
541
1707
2742
1118
1509
1734
780
2126
4355
2493
2489
457
1776
4962
1532
4454
3360
1204
1289
3206
4166
4416
882
2416
4470
3867
2669
841
776
2974
88
2830
1881
432
179
435
3780
3711
3659
4056
4320
893
854
2343
4270
1968
867
1328
2008
3238
42
768
3657
1726
2824
3688
4103
1755
1662
4393
1727
744
3623
365
1979
4753
3450
3925
3716
2714
220
3607
4252
3749
174
4052
1542
4107
608
4123
532
4410
4113
2452
2558
2160
717
853
3113
4359
4579
2587
4649
1574
4465
2531
26
3602
2268
1634
4236
1949
1110
2194
3303
791
691
2403
1315
143
2009
3062
685
2356
4372
2370
2369
2101
1959
3643
1607
735
2464
281
3032
4169
3064
3298
268
1185
2816
178
700
1893
4954
3764
1197
1042
824
3190
579
847
4007
680
379
3434
484
3727
586
2255
3314
1834
449
840
2632
3164
2579
2380
2039
2781
1572
3028
3378
2463
4539
273
4849
3811
1717
2083
2631
4158
3505
2486
3713
4590
1273
2330
3866
168
2266
2163
3880
4248
2066
2440
2283
4156
2725
536
1122
3569
72
1116
3320
4803
2639
2457
274
4412
832
1341
97
3785
856
280
2226
4997
3573
2711
725
2104
3830
3214
2762
1358
1376
3642
4001
3770
1883
2756
1924
2241
4927
3209
1115
2561
4033
3622
3695
1982
924
1097
4697
2233
1008
3117
4513
456
4356
820
1172
1657
355
3851
1948
4125
4859
4117
1825
3420
1028
4844
3875
1235
1275
4390
347
4828
4808
3054
1156
4780
3821
3140
1837
4486
1894
2475
4049
4842
3489
330
3743
4341
202
1280
765
1146
11
3067
2251
2884
4864
3235
4751
3591
3890
1957
1103
3172
2388
4079
1747
4280
2541
888
1321
1225
1368
4602
387
1231
3754
3100
1067
1220
1648
3396
2782
1666
3004
389
915
4906
3111
869
994
2900
4046
373
4317
1762
2916
431
2870
920
2306
1484
1583
622
4901
4004
3114
709
1683
1656
219
3587
2473
1021
878
3848
2522
2513
325
3996
1057
4919
1085
4584
311
3374
707
3983
1685
941
1485
684
1813
3981
4335
2025
54
4996
1905
4073
2560
1101
4131
3487
4328
1871
1020
1552
4237
4865
610
3085
4599
4622
2628
3694
2029
4307
3173
4183
1394
559
2073
3243
4733
3306
81
4677
4322
326
3365
2923
1448
3703
3513
413
3828
62
3247
461
1677
1891
1524
1080
4522
1415
2898
465
1383
2467
617
4932
433
4075
3972
2944
3708
1331
2932
2405
3208
2611
651
3451
4638
2482
1363
1926
1086
3483
2981
2651
421
4233
3654
1852
79
4947
2250
797
24
2993
2273
2999
2986
4446
3680
4500
4547
2568
1181
936
701
1167
22
1705
98
1249
1689
4340
4026
3500
3377
3697
2261
3347
4429
1921
512
482
2528
2055
4197
3728
976
635
2567
3640
1051
3753
3071
2333
2748
4777
4524
108
1464
746
2970
993
1827
4558
2804
382
2262
1590
3375
289
4384
965
360
3456
1568
2680
500
4082
3116
2800
2795
2372
2562
1337
3966
4960
760
4291
3850
2378
1055
1516
75
1429
997
3272
4473
3767
4209
3175
4988
1330
2375
1708
3510
493
3794
3904
1120
3073
3193
3738
1100
4873
988
942
977
2786
1426
4065
626
1851
908
566
3624
1594
2466
188
2477
4651
3525
672
986
4809
1944
1158
3613
1993
3327
1111
507
4811
1596
1039
846
454
537
4315
4995
429
264
1184
397
2933
301
1029
2070
2544
4418
1715
4433
4379
4202
4592
3935
3829
2635
2854
481
914
1925
4442
376
2301
4598
2799
2875
3105
1784
136
911
470
3529
3629
2818
545
2312
1119
3858
3560
1832
4142
4228
2998
2379
3684
4235
3346
4137
4924
4278
1133
3145
3323
721
2138
1996
2192
1506
3611
4556
2186
580
2289
2280
2718
36
2720
3536
353
1062
150
3158
2018
1867
3614
1898
1838
4108
2459
3058
2882
3304
278
4862
1511
1616
2530
4364
2627
1612
4969
441
985
1625
4431
2661
656
1250
2352
4661
4246
3413
4895
1445
20
2576
320
2731
649
2067
350
4151
682
4884
955
4673
529
3806
1148
1012
2204
1436
1022
1990
4153
255
2329
3803
4385
3717
3349
4911
1671
2
1168
3371
2383
4804
2128
1108
1609
2419
4076
4208
1262
2170
183
4761
4337
1433
323
3273
1266
1874
2174
30
1937
4187
1759
4583
4536
4543
1304
590
263
2585
2393
1278
3444
4070
1441
1695
2397
1150
154
1807
4167
1165
1094
3026
2092
1631
4058
3005
2644
4305
4633
2315
1613
3616
2087
1112
2801
4631
2952
756
2423
1221
901
548
4948
437
3678
2705
1753
3730
4479
2675
4794
3274
4553
603
815
2843
764
2232
1242
1479
913
4800
1793
1870
1890
2056
2551
4658
3964
3810
4434
3196
4675
688
86
1972
1554
3752
2052
582
2276
3577
2673
3533
637
3843
784
4375
4402
1061
4629
3237
801
4941
368
4443
4745
1617
3300
333
866
4003
4121
1323
3115
4499
3501
3344
2505
1102
1465
3628
1896
2654
3133
2687
3926
1933
203
974
3025
4482
3929
2086
352
1093
694
3415
3676
1470
1096
443
249
4268
2139
3202
115
1297
4600
1362
4430
4323
4363
1411
1547
37
2068
2607
4489
3534
845
761
3883
3813
4388
47
4961
1396
4613
2028
1605
2258
4511
4311
742
1281
4179
1208
1276
3011
1480
4793
4681
4834
2191
2307
348
4531
4016
4940
1620
1956
2260
3578
1958
4331
877
1738
2103
3795
1081
4139
3914
463
3127
2183
2773
2586
4541
3784
3162
3619
642
1104
3993
775
1303
1586
4078
517
4294
4069
3798
495
303
663
1359
2351
757
77
1469
43
2374
1027
300
4881
2074
2449
85
4178
1872
4321
4856
4776
1557
2502
3358
632
2931
331
3266
3948
2914
2712
2526
943
3253
1076
2337
2235
1571
4949
2151
2667
4147
4154
2545
687
3256
4561
3953
1713
3930
233
4569
4240
1373
3805
1939
2658
726
875
4747
310
779
2634
1903
2428
1332
1700
2610
3900
4662
3080
835
4863
2836
825
2429
1530
4310
1797
1151
4910
3485
1531
2504
412
2317
2189
1526
624
2182
4953
3095
1149
1774
4181
4254
4343
621
806
4188
1709
4064
3126
4606
1920
4619
686
2869
1849
2750
4051
3888
1789
3108
1482
3008
2895
1887
2766
788
652
2353
1400
1840
2940
2432
1201
1222
2743
569
91
2744
636
732
2277
430
3074
3650
3076
2148
1553
4546
1664
940
4647
306
1198
2321
1182
1248
4670
3675
4392
436
151
1535
3825
2450
849
3271
3705
4378
2624
3357
4419
4213
103
4797
1356
446
1132
4529
4857
2793
472
380
1743
3547
341
282
109
4699
51
4115
3837
808
3309
139
408
2949
4557
728
1474
4467
4275
3291
4970
3146
872
2709
2496
4912
4229
4909
4204
3263
337
407
4023
4922
1017
87
4956
1819
3700
2957
2470
542
1543
3161
3218
185
4312
2187
3775
1212
2855
3044
71
4892
117
2751
2027
3951
3096
535
1124
4101
2156
2084
3827
3522
4401
4155
720
2117
1177
3224
1629
3915
1733
2591
1563
3559
2532
2367
2548
1865
3762
475
4338
4425
181
1065
4168
3097
2755
1299
486
1673
3185
2426
2918
1346
5000
3156
496
231
2435
3518
2892
2031
1645
3192
2422
390
2492
3387
1593
4053
2319
3715
1296
3368
3442
4846
1211
4282
2593
4992
950
3186
308
1354
530
2806
2778
1906
1428
295
2536
1946
3242
166
4653
3748
3548
4604
4845
4264
902
772
1325
2538
304
4716
3307
1997
4665
4175
6
1829
588
3546
3385
945
864
229
2605
923
1223
4605
118
4945
497
3980
1995
659
4171
1004
152
1640
3508
3722
3977
2655
1815
1298
2592
2913
3854
1811
466
2668
4789
1388
1377
2185
1757
3869
3429
16
2013
2877
3052
4025
3305
4637
4362
4591
3897
1760
2698
3355
2967
2184
514
4663
4300
1161
4728
2600
3419
142
452
3720
3331
2922
3388
564
660
2348
169
837
609
1435
3201
3859
3321
4936
1007
3594
4596
4405
4532
874
3833
3873
3831
3512
1218
2468
3319
4560
2158
1983
3427
1602
1432
247
2072
4760
1494
2207
1287
4042
4191
2042
2253
334
2143
3868
1706
2549
3207
4609
538
4494
2150
4775
673
4686
4737
4304
4611
4563
3621
3015
3755
1799
520
1259
4925
1991
2340
4959
1106
4350
1659
2846
25
65
1141
2516
2660
3467
242
3147
953
1803
884
3050
1546
553
4519
3065
63
4129
2864
1885
3844
2177
506
604
2010
4810
3399
544
1491
4190
2267
1703
3649
3286
4368
2078
4157
1702
2442
2110
4397
252
3090
611
1255
3486
826
1962
4678
3913
804
3949
3373
3615
3802
392
3745
237
3463
3662
2950
2095
4683
2989
2689
1809
1610
944
1646
4448
3940
138
4165
1836
3893
4625
2926
4726
1095
4526
2472
4449
2090
3423
1548
1678
1349
654
99
1839
3618
4552
4815
613
4515
2534
2903
4994
1879
4829
2484
2893
1794
3438
1930
4173
1410
4576
4701
4344
297
1714
1621
2647
4424
4420
1824
2238
1841
2424
3481
2879
2109
3845
1725
327
601
1567
3962
2738
2876
2912
858
895
193
3414
4426
2693
159
2524
3599
715
3706
1934
296
782
1072
4838
4177
1787
3502
4754
4786
378
2201
4860
1681
4702
3527
1888
4568
4495
1043
3104
177
1128
2123
4824
1758
182
2625
4975
1
3597
689
2023
3153
2279
4243
2127
1140
4497
3055
2501
3383
1582
2172
161
513
2275
434
2298
1060
2995
1286
3258
2111
2415
952
2020
633
2105
3535
3701
2193
816
929
1082
2034
3324
4138
3363
4566
2546
3139
1350
160
852
831
2327
2331
2097
4440
2494
666
612
3860
606
3088
4437
2810
2582
1556
813
1294
4837
4120
403
3809
1385
3251
3023
2022
1902
4455
769
3269
2395
3627
3718
3017
4135
1830
1504
2300
2188
3553
4757
2341
3078
1171
627
4174
1342
3459
4612
2788
4313
4593
3934
996
2328
4466
1468
4098
4201
2286
4900
4578
4244
4748
4885
4054
2469
3231
1909
1748
567
1584
366
3176
3313
1340
1127
2136
585
818
4383
4432
4008
2049
1387
4929
4505
1732
3916
375
4869
359
358
1375
1483
1384
2100
3571
1549
711
4407
4367
3638
2231
516
3143
2529
589
1964
4398
3984
2992
1322
2798
2209
2142
647
4133
393
3287
2107
2878
1084
1264
3735
1033
712
3000
1741
3509
3448
1372
817
2199
1003
349
1336
1366
581
1126
3282
909
2808
3137
4047
3555
2822
3707
2990
2726
4905
583
762
288
4404
1950
476
82
2190
661
210
763
1404
3526
344
2413
1987
704
3886
1728
961
2447
3398
1635
3443
972
1232
4965
547
3846
739
3596
675
3639
4587
1674
1290
17
158
3686
3499
3740
2819
3249
2616
1046
2248
3182
28
319
4472
2803
4477
3339
1917
3570
938
4234
960
1790
1914
2574
2381
80
4498
4039
1399
2768
3497
21
2776
521
1417
4934
1083
4114
2629
4245
4014
2690
1508
2910
2817
1079
4408
3712
480
4085
1134
1859
568
3912
4084
4295
1976
4666
4574
4545
3731
2868
3092
4946
2282
10
3768
2679
1718
4667
814
2754
12
4890
819
4071
2076
2672
2245
4253
212
2313
4868
645
4353
614
3484
196
155
1901
2016
3125
3927
4624
284
4258
1217
3523
3648
4508
2506
2483
4105
4266
3014
550
464
1422
2339
305
491
2859
4732
3390
2814
414
1868
2389
861
235
3744
2059
518
1712
4763
4790
3747
1895
885
4141
3506
918
4326
3069
4212
3631
4074
3908
1313
1587
2146
4785
1030
3994
2295
1175
4550
2988
3168
4933
4903
3359
3248
4706
2461
562
4441
1817
1765
2578
1766
4475
3401
1533
2481
70
2314
1828
3257
3219
332
4203
3474
1821
4833
1293
3877
1023
3609
2384
1672
1711
4855
3923
2061
2436
4013
1637
4257
1162
4020
2688
3440
2694
384
2809
1960
3992
381
671
1214
1822
4090
1986
2079
312
1858
4530
2361
2471
4369
3982
1014
1942
3295
4627
2053
3341
4273
1724
2398
2318
3260
4221
1641
4630
2166
4839
838
3903
1109
2229
3931
778
386
3022
4106
2630
1802
3254
773
4713
4723
1833
2234
1367
4269
1850
1460
1295
4247
2137
4520
2867
2165
2198
1952
1407
147
428
4603
1981
4987
970
106
3478
1591
3311
3582
968
3808
405
1970
2857
314
2044
324
3856
1889
1074
1490
4772
1034
1953
2569
1954
4620
2966
4087
1608
4218
3124
1054
2149
980
2941
1835
1173
450
770
4122
3141
2581
4314
3781
1730
4288
1940
3264
4875
1379
3967
402
1771
2308
4059
2827
1449
3492
4111
2425
1611
14
3855
1854
2033
1721
100
4445
374
2411
749
3336
2062
372
3308
4357
2120
3742
4159
3989
1684
1521
3551
3572
127
4463
3936
3119
236
1801
1233
213
398
1360
309
200
251
2540
4537
4533
4610
595
2840
4623
2285
2589
4518
3048
1783
7
4226
1558
2759
4964
978
3471
3130
1589
1403
1279
3163
4371
3521
250
3198
3110
921
1412
1401
1785
2815
3236
3066
1786
1653
4691
4968
932
2794
4389
1206
1316
2386
3454
52
1922
4963
184
4217
207
144
4452
4194
4517
2935
4628
1643
4339
2965
1863
218
2358
1665
266
3899
1622
1975
4259
4492
4832
3732
3988
1627
873
1345
2747
2676
2362
643
315
61
4830
2757
4741
2124
2345
2453
265
2802
4132
191
3411
3259
2324
2197
2485
1642
2811
798
4898
3132
2812
4017
3477
1243
3685
1025
425
1729
4474
2032
1804
3228
3668
2001
620
4501
3292
2555
1069
3479
1002
3721
2135
1405
4241
3840
1735
1655
3799
2096
3863
2961
2292
3666
3957
3230
4027
2619
1994
4239
2780
1973
1179
3195
3998
4077
4080
385
2168
4538
4999
3
2785
4534
3593
1892
886
3061
4377
286
416
2834
4414
4680
4491
2003
4327
1477
3372
3148
3737
4990
2399
3786
145
3524
916
2091
4696
3436
1527
4695
2525
1882
987
2849
2621
4690
1866
2618
4866
4427
2116
870
4083
1423
1998
4032
862
3692
4974
2771
3464
4880
4635
3001
3034
3961
1512
948
404
3432
2499
2115
4444
3574
2907
105
2212
3944
2583
4161
2024
1697
423
836
723
2683
4795
4222
3315
4931
3581
3757
1291
2721
3704
2507
473
3402
3968
1019
1036
2848
329
4439
1624
4755
2460
2500
4386
628
533
4400
1597
4118
4116
1764
1519
3462
1977
3532
4607
2542
477
3557
4271
1688
4971
3696
3183
3709
639
2650
771
2222
3337
1537
2125
2237
415
148
126
3772
46
3245
3876
1241
1692
3565
4769
625
3391
1016
1070
2048
3338
1153
4162
1507
2297
4914
4889
1777
4888
2707
76
4399
3472
693
2408
781
4374
2421
714
868
3416
2360
2106
367
4010
1107
3102
3216
4072
2310
2945
2228
668
3496
947
1048
3922
192
1943
112
1246
1073
3020
1087
4703
2346
2572
3645
3361
4316
4752
2445
4525
2850
298
4488
4276
2769
3019
1190
2741
217
783
1778
3079
3878
187
540
2640
3625
4595
3905
4567
504
4734
959
1931
2760
812
2842
4043
904
4022
842
678
2332
107
113
591
2021
216
2281
3917
2715
4923
2732
1690
2063
4200
3490
3734
1382
318
1517
4788
2982
3059
1559
3106
2293
4143
4146
3928
2734
3038
2860
3265
4542
1314
3457
3458
572
3098
4688
2664
602
2648
4913
4324
4916
2614
2060
3769
4781
1143
2006
4297
124
4826
4655
4459
706
1105
3084
283
13
4958
256
4186
3278
2121
4127
2547
4674
863
1244
3340
3288
146
4144
2805
3519
935
1010
4456
1974
4469
2947
3452
1176
4657
999
4535
1031
4272
679
989
3093
1155
3973
2354
3152
66
3063
2252
3750
3606
4478
2336
3494
3995
1749
3822
4853
2613
3634
4066
2179
102
4973
4299
4852
3312
2620
3179
291
1098
2305
2681
492
4216
1335
1781
3178
9
3774
3138
2347
345
4512
2134
1899
1398
1114
539
459
2723
4394
1045
1650
2728
307
1450
3576
1431
4050
2740
2195
2906
448
3285
2225
1219
4896
4281
1810
1856
4967
4851
3174
573
4031
4710
3068
3120
2908
2692
3395
1518
2623
4126
3213
2997
3426
4485